% data_zap70_concentration
data0 = [0	0	0	0	0	0	0	0.089285714	0.11358811	0.10798722	0.072989076	0.047290105	0.050142668	0.05292486	0.053746817	0.051141987	0.039728682	0.190654704	0.013757145	0.01358887	0.012533468	0.010925873	0.010266325	0.009634806	0.008675177	0.009607695	0.00958442	0.011523087	0.012505522	0.013016673	0.012997344	0.012997192	0.012740743	0.011492088	0.010261359	0.009117086	0.008280756	0.007573881	0.007138785	0.007328068;
0	0	0	0	0	0	0	0.089285714	0.11358811	0.10798722	0.072989076	0.047290105	0.050142668	0.05292486	0.053746817	0.051141987	0.039728682	0.190654704	0.013757145	0.01358887	0.012533468	0.010925873	0.010266325	0.009634806	0.008675177	0.009607695	0.00958442	0.011523087	0.012505522	0.013016673	0.012997344	0.012997192	0.012740743	0.011492088	0.010261359	0.009117086	0.008280756	0.007573881	0.007138785	0.007328068;
0	0	0	0	0	0.083056478	0.061622465	0.041583166	0.046798952	0.049085659	0.057240985	0.033710632	0.034471049	0.034386223	0.036301347	0.035842983	0.034435886	0.011375152	0.019768155	0.016880884	0.016981051	0.017665091	0.017963649	0.018236586	0.019063882	0.017439247	0.017101754	0.016220246	0.016294683	0.016161434	0.016769248	0.016474467	0.017222174	0.01687686	0.018114435	0.019334074	0.020724081	0.020200348	0.020321301	0.020046418;
0.040217391	0.049042146	0.052479815	0.067860509	0.068772491	0.077370763	0.07202381	0.055307995	0.050907377	0.045580405	0.042923434	0.03558019	0.040019845	0.042053939	0.022683561	0.028601099	0.016201789	0.01958234	0.019076545	0.018441753	0.018167744	0.020323322	0.021743995	0.023374345	0.023699824	0.02349619	0.021873863	0.019951471	0.019318332	0.017902286	0.017535096	0.018858056	0.018512537	0.019697804	0.021229047	0.022226772	0.021541545	0.020135503	0.019055929	0.017834723;
0	0	0	0	0	0	0	0	0	0	0.009708738	0.016496381	0.02877401	0.032062967	0.037035204	0.041239246	0.032883263	0.032595947	0.020820681	0.021335938	0.024432421	0.02701133	0.02787202	0.030306934	0.032937436	0.03384271	0.034350632	0.033573907	0.032091128	0.030841573	0.027877235	0.0271445	0.024926307	0.024157669	0.022794155	0.020662543	0.019802009	0.019273563	0.01967697	0.020086976;
0.035087719	0.03432701	0.035969282	0.055264144	0.076416641	0.076031347	0.069944977	0.053796777	0.051631414	0.04421412	0.032233997	0.030746927	0.031318157	0.032382738	0.023219881	0.024847798	0.022794656	0.017905856	0.022737768	0.022770318	0.024148669	0.024413427	0.021104642	0.020179091	0.019179299	0.019777133	0.020652167	0.019363572	0.016712074	0.015482632	0.014269845	0.013357356	0.014032003	0.013810596	0.014365143	0.014500976	0.015061965	0.015331987	0.015908389	0.016755006;
0	0	0	0	0	0	0	0	0	0	0	0	0	0	0.007490637	0.069894366	0.024972737	0.009837514	0.017170742	0.016352981	0.01698179	0.016902767	0.01577364	0.01576829	0.016858351	0.016625412	0.017760034	0.017316195	0.017868217	0.017906863	0.01776292	0.016976211	0.016600786	0.016812669	0.016701695	0.016365015	0.016025954	0.016426401	0.017352138	0.017681175;
0	0.055276382	0.032352941	0.032415631	0.043976349	0.032169954	0.030258303	0.029221347	0.030786919	0.027552674	0.033330204	0.029205807	0.026679076	0.028254649	0.027836832	0.009430043	0.008231008	0.004190911	0.00637703	0.008796262	0.0103	0.012258021	0.013129402	0.012497874	0.01214553	0.012756844	0.013907342	0.013416514	0.01348428	0.013427732	0.014124522	0.014302127	0.014251602	0.014416062	0.014941181	0.01515911	0.013866525	0.014014547	0.0140647	0.014146936;
0.25	0.25	0	0.013119534	0.025296851	0.04014733	0.049861496	0.056036679	0.02527109	0.025872118	0.020153676	0.01907505	0.015619044	0.016251841	0.015586695	0.011660418	0.008341636	0.004806309	0.007132297	0.01013257	0.012231997	0.012606072	0.012894765	0.012437182	0.011873941	0.010903004	0.01119146	0.01141208	0.011719703	0.011884125	0.011682168	0.011976536	0.012694956	0.013119931	0.013073753	0.013286964	0.012249747	0.012208192	0.011835551	0.01115294;
0.009767599	0.014047979	0.02091321	0.025471445	0.029010094	0.026372114	0.026932084	0.031231814	0.033290886	0.035588422	0.036127712	0.035271452	0.033439346	0.032427374	0.034787645	0.015185343	0.012752772	0.03565526	0.011723739	0.010293224	0.013691987	0.014700837	0.014500647	0.014409776	0.01352248	0.013954626	0.014486862	0.014085637	0.011816866	0.011344752	0.010489819	0.010151425	0.010308373	0.010858072	0.012387414	0.013482271	0.014167307	0.01368701	0.012162595	0.01147041;
0.016812285	0.016119403	0.016621401	0.013108614	0.014708569	0.015716612	0.020568835	0.023867447	0.022413244	0.018106538	0.019134158	0.011655046	0.014412122	0.015615935	0.012943834	0.013835166	0.013982218	0.008331723	0.010291443	0.016214042	0.013768437	0.012754938	0.01156131	0.008562403	0.007871745	0.008028506	0.007806427	0.008870263	0.009398389	0.010663031	0.011380775	0.011239084	0.011017257	0.008958366	0.007269992	0.007374728	0.00753758	0.008021008	0.008048907	0.007831753;
0.016603478	0.017727813	0.017156121	0.018502457	0.022879721	0.0234375	0.023250082	0.022712383	0.023606052	0.019913303	0.020967108	0.019993693	0.029799228	0.033896677	0.025955743	0.025866748	0.010107802	0.008713682	0.00552547	0.005956172	0.007758301	0.006812662	0.007230596	0.00802505	0.008293526	0.009301876	0.01170113	0.012549511	0.010947521	0.009152201	0.008323644	0.008073567	0.007457086	0.006933028	0.006707116	0.006609196	0.006337639	0.007437332	0.008763875	0.009624417;
0.01102308	0.014131607	0.015493802	0.021099804	0.018909411	0.01810069	0.015044892	0.015147966	0.013027108	0.013288077	0.018711164	0.01759134	0.014642437	0.007388854	0.007878399	0.008060506	0.018430331	0.017986171	0.012242978	0.005803623	0.006508936	0.007815387	0.008516941	0.008940559	0.01093201	0.011231961	0.009188965	0.008941412	0.009160388	0.008698787	0.00895444	0.009618898	0.009273738	0.008517539	0.008301119	0.010520609	0.011475767	0.010984921	0.010542218	0.010109834;
0.019628099	0.019062463	0.017773416	0.018209256	0.016566695	0.017390529	0.016097929	0.015049505	0.006888078	0.005402332	0.00532926	0.005781573	0.008002191	0.011637356	0.059667723	0.042840549	0.015659648	0.008280911	0.007883769	0.007766341	0.010782048	0.013087825	0.013885395	0.014762922	0.014869125	0.016122189	0.016201465	0.015885359	0.015683008	0.014856095	0.014195511	0.013738139	0.014067802	0.015453609	0.014883965	0.01423374	0.01347226	0.013524427	0.013931618	0.013926961;
0.0158238	0.014738768	0.012857695	0.011210144	0.01101807	0.010503134	0.009704027	0.010645631	0.009501705	0.010633862	0.01019864	0.010539602	0.01401924	0.015766275	0.015952252	0.014629591	0.015152992	0.044828245	0.005807112	0.009229629	0.009361619	0.008323392	0.007178998	0.006738737	0.007739923	0.009991279	0.011183815	0.010641547	0.009057389	0.008246252	0.007762025	0.007856966	0.008301413	0.008663337	0.008035755	0.007914318	0.00896083	0.009608514	0.009539002	0.008998348;
0.013238657	0.015512465	0.018266254	0.016971777	0.017575323	0.017732583	0.01339179	0.015557081	0.014115734	0.013835125	0.014670265	0.014231813	0.014104105	0.014760815	0.014108027	0.013935555	0.002651141	0.005682785	0.004406888	0.006431619	0.00774856	0.008592284	0.009975283	0.009866782	0.009297139	0.009101222	0.00775958	0.007389717	0.007714133	0.008332211	0.00937924	0.010738164	0.010117351	0.010148845	0.010692336	0.011171113	0.011728197	0.010636478	0.010290895	0.010280364;
0.010845987	0.010885192	0.011115407	0.01106576	0.011129184	0.015034539	0.016223384	0.016824946	0.013626532	0.012145187	0.008896321	0.010530396	0.011512134	0.013603422	0.015557819	0.017210682	0.016390136	0.001460514	0.002977225	0.005716587	0.005451265	0.005247084	0.005425434	0.005916049	0.006212935	0.006110818	0.005957426	0.005479065	0.004863339	0.00482844	0.005273163	0.005972448	0.006126703	0.004960176	0.004240349	0.004307148	0.004090478	0.003871354	0.003824527	0.003976874;
